1.41057,1.90126
1.4143,2.01157
1.44712,2.09017
1.48881,2.18856
1.49127,2.26533
1.50803,2.30713
1.43804,2.34402
1.44462,2.39241
1.43717,2.42752
1.42991,2.46095
1.41938,2.5142
1.38807,2.54864
1.37964,2.57037
1.39329,2.62705
1.37458,2.6833
1.36257,2.75548
1.59796,2.76844
1.64839,2.83285
1.65092,2.87551
1.59982,2.87143
1.57432,2.9141
1.57659,2.92652
1.55603,2.93702
1.57895,2.94819
1.60779,2.96045
1.61473,2.97299
1.6232,2.99127
1.61411,3.00987
1.60645,3.02951
1.59825,3.05065
1.58872,3.07166
1.58438,3.08658
1.57961,3.10336
1.57635,3.11882
1.5775,3.1309
1.53352,3.13658
1.48225,3.14565
1.55847,3.15731
1.59951,3.19565
1.6144,3.21269
1.61173,3.22663
1.58281,3.23851
1.59856,3.2551
1.59411,3.26944
1.59408,3.28274
1.59192,3.29482
1.59066,3.3102
1.58949,3.32422
1.58918,3.3367
1.58877,3.34233
1.58888,3.34644
1.5868,3.35066
1.58621,3.35358
1.58654,3.35709
1.5874,3.36649
1.58896,3.37261
1.59075,3.37768
1.59261,3.38567
1.59374,3.39504
1.59566,3.40734
1.59683,3.4146
1.59916,3.43023
1.60032,3.44005
1.60105,3.44894
1.60141,3.45436
1.60222,3.46035
1.60555,3.4734
1.60621,3.47705
1.5759,3.47938
1.56186,3.48002
1.55638,3.47928
1.58167,3.47989
1.59881,3.48069
1.60619,3.4811
1.61039,3.48142
1.61396,3.48285
1.61579,3.48436
1.58365,3.50119
1.56362,3.50625
1.555,3.5091
1.54935,3.51211
1.54783,3.51196
1.54523,3.51035
1.54229,3.50861
1.54064,3.50632
1.53966,3.50452
1.53965,3.50388
1.57888,3.50318
1.60113,3.505
1.61117,3.50718
1.57187,3.50802
1.55449,3.51749
1.54214,3.49327
1.54844,3.5191
1.54466,3.50979
1.54238,3.50141
1.54137,3.49467
1.54232,3.49071
1.58198,3.48788
1.60344,3.48545
1.6118,3.4839
1.61677,3.48295
1.57274,3.48245
1.58445,3.48224
1.57056,3.48207
1.56207,3.4818
1.55584,3.48153
1.55217,3.48139
1.54859,3.48135
1.54583,3.48136
1.5445,3.48129
1.57716,3.48126
1.57153,3.48139
1.56491,3.4814
1.5594,3.48154
1.55508,3.4816
1.55284,3.48171
1.55148,3.48176
1.57996,3.48165
1.57066,3.48161
1.56036,3.48154
1.55259,3.48159
1.54788,3.48192
1.54424,3.48171
1.54221,3.48067
1.542,3.48145
1.54269,3.48255
1.54445,3.48547
1.55345,3.50532
1.59549,3.51362
1.61712,3.51687
1.62439,3.51362
1.59789,3.51266
1.58001,3.51845
1.56255,3.48104
1.5547,3.47182
1.54963,3.46562
1.54575,3.46053
1.54175,3.45615
1.53919,3.45271
1.54015,3.4505
1.54161,3.44896
1.54427,3.44768
1.54788,3.44624
1.5516,3.44573
1.55454,3.44454
1.59049,3.44324
1.60701,3.4419
1.61853,3.44547
1.62472,3.44577
1.62829,3.44512
1.6301,3.4465
1.61956,3.41622
1.57707,3.40422
1.54748,3.39405
1.57059,3.38799
1.58145,3.38208
1.58959,3.37479
1.59407,3.36919
1.59702,3.36378
1.59904,3.35912
1.60069,3.3528
1.60201,3.34289
1.60309,3.33543
1.60309,3.32663
1.60366,3.3169
1.60481,3.30823
1.56007,3.29808
1.52459,3.2863
1.5623,3.20597
1.54966,3.20101
1.53198,3.19726
1.52469,3.189
1.51521,3.16205
1.51022,3.14654
1.50866,3.13275
1.50954,3.11896
1.51544,3.10677
1.52383,3.0961
1.5299,3.07904
1.53528,3.06482
1.54065,3.05193
1.54647,3.03857
1.55212,3.0245
1.55759,3.01301
1.56232,3.00195
1.5659,2.99005
1.56891,2.98027
1.57171,2.96947
1.57831,2.95924
1.58268,2.94897
1.58556,2.94086
1.58701,2.93479
1.5886,2.92729
1.5918,2.91379
1.59379,2.90289
1.59491,2.89126
1.59571,2.88102
1.5968,2.87259
1.60139,2.86385
1.60514,2.85385
1.60798,2.84424
1.61036,2.83408
1.61238,2.82371
1.61348,2.81249
1.61392,2.79963
1.61378,2.78179
1.61335,2.76721
1.61375,2.75823
1.61429,2.7479
1.61486,2.73399
1.61613,2.71988
1.61869,2.70792
1.6227,2.69523
1.6241,2.68615
1.62316,2.67544
1.61487,2.6645
1.59987,2.65646
1.59429,2.64786
1.59287,2.63386
1.58838,2.62383
1.58511,2.6147
1.5818,2.60641
1.54609,2.59713
1.53687,2.58405
1.51008,2.57136
1.49237,2.56032
1.49289,2.55185
1.49158,2.54544
1.48357,2.5368
1.49756,2.52585
1.50724,2.51209
1.51195,2.49724
1.51724,2.48552
1.52008,2.4742
1.49652,2.46204
1.4825,2.44957
1.47664,2.43417
1.47416,2.42188
1.47357,2.40907
1.47374,2.39878
1.47561,2.38608
1.47818,2.37673
1.48075,2.36762
1.48362,2.35945
1.48649,2.35177
1.48907,2.34374
1.49164,2.33468
1.49356,2.32692
1.49482,2.31957
1.49555,2.31256
1.49638,2.30726
1.49751,2.30181
1.49873,2.29631
1.50029,2.28969
1.50172,2.2817
1.50276,2.27362
1.50371,2.26571
1.50443,2.25936
1.50471,2.25305
1.50538,2.24719
1.5059,2.241
1.50621,2.23495
1.50648,2.22999
1.50681,2.22581
1.50712,2.22276
1.50722,2.21987
1.50722,2.21733
1.50729,2.21534
1.50735,2.21369
1.50744,2.21217
1.50758,2.21097
1.50773,2.21002
1.50789,2.20916
1.50802,2.20848
1.50816,2.20784
1.50828,2.20731
1.50839,2.2068
1.50847,2.20634
1.50851,2.20595
1.50856,2.20564
1.50858,2.20537
1.50861,2.20515
1.50862,2.20498
1.50863,2.20484
1.50864,2.20474
1.50865,2.20469
1.50864,2.20469
1.50862,2.20474
1.50858,2.20489
1.5085,2.20518
1.50841,2.20565
1.50831,2.20624
1.50818,2.20714
1.50806,2.20848
1.50816,2.21036
1.50827,2.21202
1.50847,2.21398
1.5087,2.21591
1.50885,2.21774
1.50903,2.21975
1.50915,2.22136
1.50927,2.22282
1.50931,2.22405
1.50935,2.22529
1.50934,2.22641
1.5093,2.22748
1.50925,2.2284
1.50911,2.2294
1.50893,2.23033
1.50866,2.23133
1.50838,2.23234
1.50805,2.23347
1.50778,2.23492
1.50759,2.23621
1.50746,2.23728
1.5074,2.23809
1.5074,2.23872
1.50744,2.23918
1.5076,2.23946
1.50778,2.23956
1.50793,2.23922
1.50816,2.23783
1.50876,2.23429
1.50979,2.22867
1.51119,2.22083
1.51299,2.2101
1.51433,2.19904
1.51514,2.18894
1.51546,2.17681
1.51532,2.16487
1.51509,2.15182
1.51464,2.1391
1.51401,2.12756
1.51345,2.115
1.51326,2.10051
1.51361,2.08836
1.51251,2.07689
1.51082,2.06529
1.50722,2.05415
1.50081,2.04326
1.49263,2.03277
1.48466,2.02314
1.47297,2.01328
1.46199,2.00346
1.4526,1.99501
1.43997,1.98749
1.43198,1.98018
1.4255,1.97382
1.46151,1.96761
1.48238,1.96216
1.49484,1.95661
1.50277,1.95203
1.50786,1.94775
1.5111,1.94392
1.51291,1.94027
1.51361,1.93696
1.51347,1.93407
1.51281,1.93158
1.51186,1.92962
1.51074,1.92796
1.50949,1.92647
1.50827,1.92522
1.50715,1.92406
1.50608,1.92299
1.50514,1.92211
1.50429,1.9214
1.50353,1.92082
1.50286,1.92039
1.50226,1.92003
1.50172,1.91975
1.50122,1.91952
1.50077,1.91936
1.50034,1.91923
1.49993,1.91911
1.49956,1.91901
1.49918,1.91894
1.49877,1.91888
1.49833,1.91874
1.49786,1.91857
1.49736,1.91824
1.49675,1.91751
1.49591,1.91587
1.43864,1.91187
1.40355,1.90594
1.38785,1.89698
1.37582,1.88549
1.3669,1.87251
1.42001,1.85963
1.44013,1.84429
1.45025,1.82949
1.45407,1.81542
1.45375,1.80146
1.44933,1.78301
1.44491,1.76953
1.36427,1.75347
1.3599,1.73561
1.33374,1.7179
1.31746,1.69716
1.30743,1.67282
1.30041,1.6464
1.28211,1.60248
1.24402,1.55631
1.14921,1.52347
1.30289,1.52033
1.27267,1.49785
1.24308,1.50034
1.07968,1.46456
0.966791,1.42974
0.902571,1.40262
0.886142,1.37302
0.747866,1.32259
1.0864,1.24616
1.39317,1.16367
